
a = 5.904465e-01
b = 2.861855e-01
c = 1.216086e+00
d = 1.577279e+01